2
1

5
2

10
3

17
4

26
5

37
6

50
7

65
8

82
9

101
10

122
11

5
2

8
2

13
3

20
4

29
5

40
6

53
7

68
8

85
9

104
10

125
11

10
3

13
3

18
4

25
5

34
5

45
6

58
7

73
8

90
9

109
10

130
11

17
4

20
4

25
5

32
5

41
6

52
7

65
8

80
8

97
9

116
10

137
11

26
5

29
5

34
5

41
6

50
7

61
7

74
8

89
9

106
10

125
11

146
12

37
6

40
6

45
6

52
7

61
7

72
8

85
9

100
10

117
10

136
11

157
12

50
7

53
7

58
7

65
8

74
8

85
9

98
9

113
10

130
11

149
12

170
13

65
8

68
8

73
8

80
8

89
9

100
10

113
10

128
11

145
12

164
12

185
13

82
9

85
9

90
9

97
9

106
10

117
10

130
11

145
12

162
12

181
13

202
14

101
10

104
10

109
10

116
10

125
11

136
11

149
12

164
12

181
13

200
14

221
14

122
11

125
11

130
11

137
11

146
12

157
12

170
13

185
13

202
14

221
14

242
15

-1
